91 87 
11 40 
81 64 
20 95 
97 67 
33 68 
82 64 
81 33 
67 19 
59 0 
15 35 
44 79 
3 52 
19 59 
60 30 
91 45 
66 68 
56 33 
74 10 
5 34 
1 48 
50 82 
66 36 
94 69 
27 87 
47 9 
14 92 
80 95 
8 29 
98 20 
83 55 
40 36 
14 87 
82 48 
5 78 
51 65 
14 30 
92 85 
87 6 
47 95 
85 84 
76 91 
64 71 
40 29 
24 25 
44 33 
36 9 
45 0 
85 90 
5 87 
81 32 
97 94 
27 16 
3 33 
56 80 
21 83 
77 55 
13 22 
91 35 
82 18 
60 96 
62 3 
56 57 
32 78 
36 10 
99 92 
7 68 
47 31 
29 76 
59 98 
22 3 
65 68 
98 88 
56 27 
14 76 
73 67 
36 57 
4 60 
92 95 
48 69 
54 69 
58 49 
8 23 
29 7 
59 50 
73 14 
69 45 
33 4 
50 33 
51 96 
32 96 
51 33 
61 75 
70 23 
8 27 
34 70 
44 73 
19 98 
28 21 
55 50 
74 23 
38 22 
71 85 
29 84 
8 19 
11 87 
19 2 
70 76 
21 59 
43 79 
83 81 
70 27 
45 90 
51 41 
54 51 
2 8 
43 16 
96 83 
45 88 
62 26 
36 61 
89 71 
30 65 
24 25 
34 65 
87 67 
87 33 
27 27 
40 39 
32 53 
76 79 
53 10 
65 62 
55 40 
89 71 
41 99 
29 55 
94 38 
22 14 
84 57 
19 26 
77 1 
87 69 
24 65 
15 51 
13 74 
22 87 
6 30 
34 82 
64 77 
94 93 
58 77 
17 78 
51 59 
4 48 
13 1 
74 17 
2 91 
60 70 
62 13 
92 64 
11 70 
93 6 
93 77 
50 34 
47 94 
93 1 
99 99 
36 28 
3 73 
11 37 
37 98 
33 78 
36 83 
78 35 
15 59 
42 93 
3 11 
65 98 
5 99 
76 42 
99 28 
65 59 
49 64 
87 47 
30 94 
69 2 
61 49 
25 58 
67 65 
6 26 
83 34 
59 51 
65 30 
17 68 
33 41 
39 89 
33 96 
7 62 
95 54 
5 78 
87 55 
38 12 
71 95 
82 83 
80 11 
48 70 
22 82 
83 32 
54 11 
45 62 
57 7 
81 10 
6 61 
73 96 
49 8 
20 47 
76 68 
12 35 
94 90 
47 12 
44 49 
7 32 
11 21 
47 49 
42 43 
57 98 
96 59 
67 6 
5 59 
6 32 
93 61 
79 18 
45 7 
68 45 
17 16 
40 5 
7 47 
8 87 
30 89 
75 74 
70 32 
30 13 
23 79 
98 7 
79 9 
77 28 
47 28 
38 53 
35 12 
15 29 
65 42 
66 40 
99 54 
99 16 
19 52 
9 18 
11 59 
16 66 
90 44 
9 52 
70 21 
72 2 
58 86 
80 79 
69 52 
24 22 
62 22 
31 94 
94 72 
60 23 
33 66 
83 58 
25 13 
83 73 
74 4 
9 19 
53 24 
31 43 
14 98 
90 4 
60 99 
82 12 
39 5 
10 61 
77 16 
78 72 
82 70 
95 40 
92 77 
16 99 
86 22 
43 88 
74 64 
91 40 
89 63 
2 49 
22 47 
85 78 
65 54 
97 43 
64 34 
51 94 
33 93 
39 89 
75 91 
53 20 
13 21 
29 61 
53 96 
35 77 
46 57 
21 72 
7 27 
28 63 
49 95 
27 85 
15 88 
38 51 
35 0 
7 68 
96 86 
26 36 
4 83 
10 74 
8 51 
58 37 
21 3 
61 73 
14 84 
7 95 
14 10 
93 18 
30 41 
46 11 
88 67 
65 32 
37 76 
72 38 
97 87 
67 64 
91 83 
58 77 
32 49 
15 84 
13 92 
89 19 
11 33 
39 40 
73 22 
72 90 
25 67 
65 26 
16 37 
27 7 
44 6 
56 6 
26 72 
34 58 
58 22 
87 0 
9 84 
85 31 
21 63 
64 66 
82 14 
31 42 
65 28 
21 53 
31 70 
41 84 
78 70 
9 40 
13 21 
48 6 
43 53 
30 11 
3 70 
78 69 
77 46 
49 97 
68 39 
45 33 
2 11 
53 84 
38 9 
64 43 
43 27 
87 32 
97 67 
81 26 
73 85 
66 91 
92 2 
8 93 
58 3 
99 78 
50 94 
83 37 
23 13 
54 68 
25 0 
33 46 
27 60 
61 88 
36 76 
74 21 
54 88 
68 46 
77 2 
0 24 
66 29 
94 13 
20 99 
64 20 
27 12 
96 41 
0 76 
41 61 
53 80 
34 35 
67 99 
86 6 
62 60 
89 56 
82 34 
86 41 
25 97 
90 20 
54 10 
57 44 
8 81 
66 99 
65 30 
77 9 
55 60 
99 29 
83 54 
9 0 
95 11 
83 49 
55 22 
4 71 
59 3 
92 99 
65 34 
33 18 
98 89 
42 2 
37 71 
76 65 
65 44 
18 19 
30 38 
47 38 
2 4 
85 54 
53 16 
77 4 
14 28 
71 2 
7 33 
10 87 
27 82 
33 82 
46 57 
18 12 
41 20 
39 58 
22 50 
28 47 
92 42 
11 97 
40 30 
51 3 
63 39 
80 67 
65 70 
16 77 
45 38 
37 40 
95 69 
82 20 
75 44 
36 68 
21 49 
32 45 
39 9 
54 13 
48 49 
29 91 
95 53 
27 65 
25 25 
72 28 
64 19 
30 89 
85 16 
58 14 
82 88 
76 33 
27 29 
67 80 
38 66 
38 72 
88 70 
66 71 
29 43 
87 13 
66 38 
13 5 
77 19 
40 69 
10 3 
48 72 
44 13 
25 32 
52 58 
53 24 
25 90 
42 21 
17 26 
5 71 
3 67 
59 60 
15 60 
40 99 
81 72 
71 1 
46 12 
69 95 
86 41 
37 65 
23 94 
45 14 
43 12 
46 14 
20 83 
19 58 
61 75 
35 85 
14 7 
93 16 
25 72 
68 77 
80 64 
19 64 
51 74 
89 56 
26 32 
86 75 
24 38 
41 82 
7 99 
9 33 
30 75 
71 26 
94 68 
25 63 
46 55 
28 10 
78 14 
38 10 
46 27 
48 81 
91 54 
73 83 
14 96 
11 88 
83 22 
5 56 
60 41 
68 50 
93 63 
68 35 
81 98 
0 35 
25 35 
6 73 
30 14 
51 88 
12 36 
18 44 
40 22 
89 90 
47 7 
53 15 
23 58 
38 46 
23 80 
8 40 
6 10 
12 8 
61 4 
88 8 
88 95 
43 35 
19 31 
9 72 
82 8 
99 65 
49 38 
89 39 
53 93 
89 23 
10 93 
13 44 
22 23 
14 27 
26 2 
68 49 
49 82 
30 30 
97 92 
99 46 
43 85 
84 26 
29 21 
54 95 
89 24 
6 59 
85 1 
7 91 
61 24 
5 8 
79 91 
92 25 
23 35 
41 4 
77 42 
50 63 
63 60 
30 16 
58 18 
53 24 
99 7 
59 9 
23 17 
31 74 
4 15 
7 86 
10 88 
74 67 
61 49 
22 55 
37 20 
53 57 
86 49 
75 2 
7 18 
46 26 
39 0 
15 27 
29 3 
23 73 
15 6 
58 42 
58 74 
39 17 
42 57 
81 57 
20 19 
61 12 
42 42 
67 56 
34 96 
1 74 
47 11 
38 70 
42 89 
80 17 
72 95 
66 27 
53 65 
60 3 
98 1 
84 30 
4 7 
88 65 
45 53 
10 51 
6 3 
82 92 
76 48 
31 43 
78 19 
6 3 
87 88 
89 11 
5 7 
24 55 
18 0 
39 31 
3 86 
92 94 
6 91 
64 9 
58 96 
52 84 
78 81 
27 14 
21 1 
70 65 
25 95 
45 20 
25 72 
56 52 
86 9 
76 38 
66 81 
55 45 
92 88 
7 20 
21 80 
80 14 
3 54 
87 29 
86 55 
14 29 
82 69 
76 7 
46 9 
2 11 
95 39 
81 4 
48 33 
74 12 
88 50 
25 23 
30 81 
69 85 
63 18 
0 39 
32 25 
75 33 
5 70 
16 12 
57 99 
93 6 
21 50 
16 10 
49 33 
41 51 
38 26 
72 43 
37 97 
31 77 
8 39 
67 64 
23 34 
34 80 
38 32 
30 2 
64 64 
70 20 
82 79 
21 68 
20 76 
80 36 
33 64 
18 26 
37 67 
78 78 
69 10 
42 18 
51 97 
16 68 
90 35 
92 46 
95 91 
65 72 
85 47 
64 93 
6 89 
67 79 
47 4 
75 84 
85 35 
60 13 
96 22 
12 57 
63 77 
4 57 
57 93 
46 60 
82 66 
31 1 
43 94 
54 6 
9 13 
96 62 
14 39 
41 84 
32 67 
12 25 
87 54 
98 70 
58 94 
96 88 
91 18 
27 47 
30 82 
49 17 
67 66 
36 85 
24 2 
49 10 
11 59 
93 5 
16 71 
95 65 
6 12 
76 75 
8 74 
79 84 
5 45 
4 69 
71 29 
50 69 
75 54 
29 87 
63 45 
58 66 
45 72 
38 13 
76 34 
32 54 
42 81 
51 27 
18 84 
61 28 
60 68 
2 76 
18 17 
18 25 
20 19 
96 23 
51 10 
46 64 
29 59 
23 77 
48 88 
42 42 
16 49 
60 39 
62 61 
29 66 
52 96 
4 99 
80 78 
92 39 
63 66 
88 55 
47 93 
54 25 
34 63 
8 27 
53 16 
92 0 
13 70 
53 31 
45 2 
61 10 
34 21 
2 49 
15 86 
22 38 
43 62 
11 31 
88 74 
89 25 
32 67 
38 50 
43 26 
61 44 
58 67 
56 50 
68 69 
88 93 
50 73 
1 5 
66 30 
69 36 
2 57 
39 45 
45 21 
58 62 
11 49 
36 87 
48 90 
84 61 
80 96 
5 1 
15 6 
12 17 
52 86 
99 56 
78 68 
80 85 
7 94 
0 57 
51 6 
61 76 
8 81 
18 13 
48 62 
55 75 
94 88 
78 25 
48 22 
23 59 
28 38 
28 59 
11 95 
26 10 
30 17 
18 51 
14 51 
90 4 
34 71 
58 46 
34 98 
62 61 
55 61 
53 75 
47 24 
75 44 
7 25 
6 81 
76 22 
91 94 
99 7 
7 41 
50 63 
74 71 
19 13 
59 10 
84 7 
67 99 
3 15 
94 11 
63 39 
64 54 
89 69 
38 34 
80 73 
63 2 
41 41 
17 0 
77 41 
61 75 
87 4 
81 83 
21 29 
87 71 
83 98 
95 64 
94 5 
93 35 
4 22 
92 72 
69 58 
84 1 
2 20 
55 91 
14 94 
31 63 
55 28 
20 23 
27 34 
97 56 
22 71 
47 73 
8 69 
75 97 
64 8 
2 36 
2 20 
22 99 
28 33 
91 89 
86 83 
58 19 
98 86 
66 71 
64 70 
65 81 
86 41 
62 22 
81 87 
55 64 
38 7 
40 79 
48 69 
58 96 
72 63 
13 48 
10 36 
58 20 
77 52 
26 72 
89 99 
52 47 
75 1 
75 78 
15 23 
19 27 
6 5 
61 89 
68 56 
87 56 
56 60 
79 37 
91 79 
21 22 
41 68 
23 78 
34 66 
65 88 
3 67 
34 33 
59 26 
48 35 
79 39 
82 59 
65 60 
93 33 
49 23 
85 85 
18 3 
33 23 
21 14 
78 79 
83 65 
3 53 
93 61 
73 30 
56 71 
26 72 
61 41 
30 74 
28 48 
39 90 
82 18 
19 80 
12 92 
24 89 
48 40 
48 20 
3 53 
19 95 
73 48 
46 59 
94 86 
2 96 
40 7 
41 87 
74 86 
73 81 
33 65 
21 32 
81 31 
82 20 
48 2 
84 13 
94 10 
16 17 
20 64 
8 21 
1 29 
54 32 
86 4 
68 67 
99 95 
31 56 
60 49 
46 95 
72 17 
26 33 
78 39 
81 18 
45 90 
87 22 
79 72 
72 82 
27 20 
68 88 
51 71 
35 60 
44 21 
60 21 
68 72 
9 16 
95 36 
80 23 
90 5 
28 51 
82 54 
50 65 
48 84 
58 1 
43 30 
40 81 
0 74 
22 9 
88 79 
22 75 
54 77 
90 10 
69 13 
77 17 
53 51 
79 20 
68 16 
15 17 
28 41 
32 21 
14 80 
82 6 
25 40 
71 57 
20 9 
30 45 
91 84 
60 91 
44 17 
56 93 
98 87 
42 44 
77 73 
21 8 
97 94 
68 13 
42 17 
74 82 
24 80 
90 83 
15 26 
2 36 
23 19 
54 87 
25 73 
52 60 
86 92 
32 7 
28 73 
2 29 
13 86 
90 99 
69 33 
44 78 
71 44 
38 32 
37 92 
75 15 
35 15 
8 80 
37 12 
25 52 
67 15 
7 10 
11 45 
71 31 
69 8 
36 99 
79 30 
12 13 
3 23 
46 44 
74 16 
28 7 
56 79 
20 46 
4 99 
82 82 
13 21 
14 71 
99 12 
56 60 
91 10 
41 52 
48 75 
57 94 
23 63 
92 37 
82 57 
70 11 
59 75 
92 75 
58 92 
31 77 
45 62 
16 41 
73 37 
6 98 
74 77 
39 70 
66 58 
67 95 
13 24 
75 23 
91 84 
59 56 
14 71 
2 21 
92 58 
79 45 
81 91 
47 25 
79 73 
99 88 
55 60 
88 73 
59 41 
54 92 
2 19 
28 98 
31 74 
8 64 
57 73 
8 7 
29 91 
85 31 
51 1 
54 45 
10 59 
24 26 
38 14 
30 78 
16 93 
64 89 
0 40 
37 89 
20 25 
39 97 
93 79 
36 13 
52 61 
87 71 
54 73 
84 58 
72 29 
96 8 
49 14 
16 85 
25 26 
0 78 
75 98 
86 32 
13 44 
66 83 
1 9 
76 73 
63 3 
93 58 
95 60 
14 34 
66 23 
46 26 
75 38 
53 59 
22 40 
27 1 
58 54 
69 88 
44 87 
21 91 
98 10 
43 88 
79 36 
39 16 
93 15 
55 91 
3 96 
40 42 
54 2 
83 52 
43 13 
59 72 
49 62 
35 6 
45 68 
14 47 
95 33 
53 36 
31 58 
97 58 
71 30 
0 15 
46 80 
28 38 
55 82 
74 70 
93 25 
44 23 
0 35 
15 45 
11 50 
89 90 
88 62 
88 26 
89 63 
2 43 
57 91 
42 52 
28 69 
0 8 
35 65 
85 17 
64 65 
71 62 
53 98 
77 5 
90 44 
88 27 
94 9 
0 35 
71 81 
72 38 
17 6 
57 13 
36 4 
32 61 
92 48 
89 87 
36 96 
57 99 
50 49 
94 3 
49 61 
87 23 
22 25 
52 14 
50 46 
14 85 
41 71 
4 8 
37 82 
84 84 
7 13 
13 60 
1 58 
49 13 
39 63 
74 98 
65 86 
3 56 
70 27 
95 67 
76 38 
96 33 
83 1 
25 5 
5 8 
33 0 
50 90 
78 52 
11 19 
84 61 
79 76 
45 70 
77 23 
46 8 
33 75 
35 68 
55 70 
61 76 
63 44 
29 31 
99 96 
14 49 
97 58 
7 67 
4 70 
71 72 
39 31 
23 89 
40 64 
96 26 
2 36 
12 30 
87 92 
14 38 
2 17 
28 99 
57 40 
18 39 
15 99 
85 67 
73 81 
72 74 
31 45 
6 10 
69 46 
37 98 
7 51 
6 69 
20 96 
43 89 
97 41 
28 77 
64 59 
18 77 
33 8 
99 55 
74 55 
25 56 
81 17 
25 69 
9 87 
59 3 
69 74 
76 91 
56 97 
24 4 
89 53 
57 20 
81 13 
75 42 
5 46 
37 18 
41 77 
99 33 
15 80 
96 30 
24 77 
55 58 
53 16 
34 83 
27 84 
95 28 
60 21 
7 33 
74 71 
23 98 
84 24 
79 24 
45 51 
14 3 
6 77 
68 45 
99 54 
9 76 
53 41 
64 14 
75 31 
85 9 
27 86 
58 37 
83 6 
49 67 
57 75 
67 41 
43 53 
63 48 
9 50 
7 88 
77 64 
94 28 
97 44 
65 88 
21 61 
88 50 
74 43 
3 59 
47 76 
34 31 
80 39 
10 80 
4 70 
34 56 
32 39 
1 34 
13 42 
28 95 
57 53 
45 18 
86 28 
70 66 
12 66 
62 67 
41 52 
50 58 
92 71 
54 42 
1 57 
94 76 
47 97 
80 57 
39 89 
85 75 
52 74 
69 17 
88 84 
27 87 
77 64 
66 69 
23 52 
24 36 
27 4 
83 88 
28 21 
91 76 
88 21 
64 37 
62 52 
22 60 
66 9 
68 79 
21 47 
20 78 
8 39 
69 36 
59 86 
30 62 
33 20 
21 51 
6 47 
72 61 
29 0 
44 50 
32 12 
18 96 
46 40 
4 69 
8 34 
9 43 
15 75 
95 65 
57 83 
7 5 
28 28 
78 99 
11 8 
32 1 
33 18 
15 15 
15 11 
8 42 
0 8 
92 84 
80 93 
58 15 
83 10 
16 11 
62 17 
5 10 
90 46 
71 3 
23 43 
23 4 
10 81 
48 35 
97 29 
37 15 
56 56 
13 61 
25 97 
66 97 
37 15 
99 74 
33 65 
93 4 
5 90 
22 6 
67 2 
75 87 
41 92 
39 92 
46 87 
99 65 
10 71 
77 73 
27 28 
11 58 
62 39 
59 60 
48 39 
67 83 
3 17 
20 94 
64 94 
86 43 
19 73 
88 18 
90 76 
12 76 
85 55 
80 14 
73 27 
42 0 
4 90 
75 59 
17 60 
62 70 
59 86 
15 61 
71 51 
72 26 
87 67 
0 65 
19 79 
19 29 
5 91 
58 72 
78 0 
69 86 
98 11 
91 54 
23 77 
28 31 
55 84 
36 98 
38 48 
12 64 
82 27 
31 81 
76 39 
25 35 
33 85 
88 95 
30 3 
37 21 
91 87 
22 40 
29 36 
26 68 
16 88 
96 51 
58 40 
89 45 
0 69 
93 68 
37 98 
39 62 
49 17 
70 13 
82 52 
61 43 
86 97 
83 67 
95 74 
74 48 
10 16 
38 62 
79 96 
44 18 
31 38 
81 7 
0 8 
96 52 
85 25 
9 25 
9 60 
97 44 
56 86 
45 83 
27 25 
35 1 
49 52 
17 26 
24 96 
74 36 
67 85 
5 47 
24 33 
76 26 
92 27 
43 10 
53 93 
67 83 
86 32 
66 81 
40 29 
66 96 
43 76 
57 83 
91 73 
39 63 
85 61 
74 76 
35 87 
20 97 
81 22 
75 4 
73 62 
74 45 
92 63 
99 84 
63 43 
16 83 
1 27 
39 38 
31 0 
11 69 
19 18 
53 85 
1 76 
78 45 
99 29 
43 70 
54 51 
11 85 
64 43 
47 4 
4 49 
8 35 
13 26 
16 8 
19 56 
94 36 
99 68 
63 14 
1 75 
31 29 
16 24 
20 11 
68 49 
86 56 
10 3 
38 72 
44 2 
88 7 
16 33 
60 16 
35 82 
74 76 
24 46 
2 80 
35 10 
47 23 
95 76 
16 57 
54 96 
37 48 
20 20 
82 21 
71 6 
73 18 
88 18 
90 13 
94 40 
78 45 
92 25 
51 90 
5 33 
79 29 
27 15 
14 19 
69 62 
34 67 
46 32 
63 9 
31 52 
83 33 
29 62 
24 59 
12 67 
7 2 
98 65 
94 37 
97 4 
75 59 
98 48 
73 51 
42 52 
53 92 
56 23 
13 28 
62 14 
91 43 
86 2 
31 89 
63 95 
34 40 
1 74 
39 43 
21 51 
47 10 
68 75 
40 60 
66 58 
95 58 
83 66 
32 21 
72 25 
19 27 
95 49 
62 4 
43 1 
0 0 
15 36 
73 4 
30 62 
14 49 
1 92 
96 95 
79 25 
44 1 
71 63 
72 71 
64 44 
86 97 
12 21 
85 31 
15 2 
32 73 
67 85 
67 24 
77 10 
87 25 
73 35 
49 77 
41 16 
33 66 
4 98 
92 44 
33 86 
75 22 
54 71 
60 71 
46 55 
40 98 
80 59 
25 42 
19 43 
94 95 
24 77 
75 0 
59 6 
85 74 
7 32 
67 35 
51 30 
98 74 
89 84 
98 7 
94 20 
50 73 
34 79 
26 63 
70 59 
30 48 
51 95 
22 71 
15 69 
53 96 
7 82 
18 81 
80 59 
87 3 
26 4 
52 77 
92 74 
8 92 
25 35 
99 35 
51 50 
69 60 
7 75 
87 21 
31 4 
57 7 
78 71 
88 74 
24 76 
34 81 
68 95 
58 91 
95 74 
81 48 
50 31 
10 2 
77 28 
90 78 
14 53 
85 20 
71 42 
44 58 
41 7 
4 76 
10 49 
32 34 
68 62 
96 8 
31 46 
95 81 
54 60 
92 92 
15 16 
71 24 
97 84 
12 27 
25 35 
71 48 
98 36 
74 43 
53 63 
50 9 
39 74 
66 39 
95 21 
71 33 
31 98 
84 96 
51 97 
23 96 
69 84 
5 68 
28 17 
47 9 
68 93 
74 6 
95 93 
79 78 
39 76 
14 25 
86 19 
64 33 
16 43 
12 67 
82 55 
73 85 
0 18 
92 20 
33 86 
39 42 
81 22 
15 27 
64 31 
90 84 
19 45 
38 28 
49 47 
13 48 
3 12 
39 18 
98 70 
18 65 
35 86 
64 44 
74 45 
20 22 
37 71 
90 89 
39 97 
64 11 
96 78 
58 46 
32 59 
18 30 
45 23 
85 44 
79 33 
84 60 
45 28 
82 52 
69 50 
21 80 
81 92 
8 27 
85 5 
49 31 
55 98 
37 41 
94 85 
51 59 
74 75 
33 93 
79 52 
76 12 
56 24 
48 52 
5 24 
16 72 
68 47 
20 96 
23 63 
53 83 
85 21 
10 58 
15 16 
88 11 
87 95 
25 63 
70 95 
96 65 
2 30 
45 98 
63 19 
36 17 
11 58 
25 24 
16 10 
55 3 
79 40 
87 5 
71 4 
85 45 
85 68 
36 13 
39 24 
22 25 
15 3 
36 78 
71 83 
71 31 
6 44 
23 31 
11 65 
0 84 
13 5 
37 11 
91 19 
1 20 
73 82 
79 53 
53 75 
84 99 
17 36 
56 55 
8 1 
1 86 
6 94 
21 82 
48 78 
40 4 
66 37 
57 52 
98 76 
2 5 
66 38 
16 26 
32 25 
17 80 
44 41 
89 96 
54 84 
24 14 
57 62 
51 32 
18 90 
40 87 
95 69 
18 29 
20 87 
58 57 
75 25 
20 38 
80 31 
47 73 
99 1 
12 11 
3 50 
37 59 
23 97 
17 90 
75 92 
60 54 
58 82 
2 60 
24 69 
70 67 
32 63 
23 45 
30 42 
92 77 
46 83 
90 76 
75 41 
13 4 
50 28 
26 85 
60 30 
0 55 
23 35 
9 16 
91 38 
78 96 
6 15 
34 37 
51 67 
4 66 
56 72 
57 49 
40 91 
71 34 
90 34 
6 72 
54 82 
8 15 
18 28 
51 28 
81 77 
11 52 
46 32 
4 64 
89 6 
27 46 
41 12 
20 22 
18 81 
21 68 
86 11 
7 78 
91 50 
68 56 
10 12 
40 32 
23 84 
34 97 
41 81 
88 89 
41 70 
80 38 
37 50 
40 37 
3 66 
18 86 
35 36 
77 68 
39 9 
13 44 
63 76 
32 9 
84 30 
89 76 
22 19 
6 13 
42 42 
20 2 
96 25 
66 86 
68 1 
92 91 
88 8 
33 12 
67 73 
72 21 
40 82 
62 95 
32 48 
57 72 
83 74 
55 77 
37 96 
81 87 
29 99 
26 77 
67 38 
73 74 
90 69 
27 57 
87 68 
12 35 
77 56 
77 72 
32 12 
1 12 
29 48 
84 89 
12 79 
65 56 
19 31 
2 33 
85 8 
59 67 
77 98 
87 52 
3 21 
94 27 
2 50 
37 56 
58 98 
62 27 
64 54 
61 9 
58 55 
1 13 
91 96 
83 67 
73 98 
49 25 
53 34 
98 53 
40 1 
90 46 
27 73 
20 20 
42 64 
73 99 
16 46 
11 46 
74 11 
72 39 
34 85 
45 69 
53 90 
54 85 
55 31 
34 97 
14 53 
8 5 
82 46 
57 51 
21 30 
23 71 
72 22 
77 51 
84 11 
26 32 
11 90 
88 50 
3 72 
89 55 
27 70 
30 50 
24 74 
51 42 
87 51 
21 26 
13 77 
66 80 
89 51 
17 33 
35 71 
77 94 
97 79 
32 46 
33 89 
99 96 
95 62 
20 11 
69 18 
78 42 
61 66 
11 6 
24 54 
21 54 
68 73 
33 26 
93 89 
97 89 
6 16 
54 48 
62 7 
51 25 
24 8 
35 92 
67 50 
82 29 
71 24 
20 69 
72 57 
72 13 
56 83 
55 19 
99 29 
42 26 
6 76 
84 5 
83 61 
33 41 
7 12 
95 78 
99 50 
9 98 
89 90 
2 59 
77 66 
35 28 
45 55 
46 36 
26 28 
36 20 
41 88 
57 44 
30 67 
89 56 
20 17 
74 51 
53 77 
45 51 
71 54 
58 59 
6 44 
17 96 
24 91 
16 53 
91 90 
40 24 
49 78 
7 47 
67 53 
73 53 
36 24 
80 6 
83 69 
49 91 
73 72 
94 2 
92 22 
65 68 
3 25 
72 59 
40 16 
8 83 
98 32 
48 50 
56 19 
70 5 
43 39 
50 88 
3 32 
4 4 
3 30 
61 83 
88 9 
15 65 
97 43 
2 93 
59 23 
80 9 
56 60 
98 26 
23 35 
10 65 
16 38 
36 75 
11 17 
19 2 
53 18 
84 75 
68 7 
36 45 
77 69 
70 35 
42 61 
27 72 
88 52 
32 53 
37 88 
35 4 
15 40 
51 51 
46 51 
19 56 
53 36 
65 63 
19 78 
23 96 
8 29 
92 78 
49 26 
93 92 
27 45 
0 53 
74 82 
75 92 
32 11 
49 3 
86 49 
74 27 
41 86 
60 30 
56 86 
40 99 
37 34 
15 38 
24 72 
78 80 
13 21 
95 22 
31 39 
4 42 
79 39 
58 95 
52 90 
8 87 
0 72 
39 67 
19 15 
88 34 
35 1 
79 1 
60 34 
70 38 
46 59 
19 9 
43 80 
54 43 
72 5 
58 82 
11 92 
27 21 
73 97 
53 9 
15 18 
20 10 
61 96 
58 45 
2 23 
4 84 
83 57 
87 23 
23 21 
56 9 
63 91 
82 56 
73 25 
4 11 
34 56 
3 3 
19 7 
55 3 
23 46 
18 31 
65 77 
49 90 
69 66 
87 25 
11 5 
6 65 
66 29 
20 11 
39 61 
92 57 
60 64 
30 44 
73 22 
30 15 
0 42 
42 48 
32 65 
87 27 
25 52 
97 11 
57 10 
94 45 
7 55 
17 40 
83 34 
24 96 
76 97 
60 86 
31 32 
49 27 
24 91 
53 5 
26 11 
26 49 
21 45 
39 34 
78 99 
8 55 
11 97 
1 92 
37 53 
29 37 
99 97 
67 33 
2 85 
3 38 
50 81 
99 35 
54 32 
71 99 
79 11 
69 60 
89 40 
59 40 
11 40 
76 74 
14 90 
58 90 
59 97 
61 43 
67 98 
61 65 
98 81 
57 66 
10 36 
78 54 
79 78 
57 34 
14 91 
16 93 
38 28 
43 26 
14 28 
45 12 
77 14 
54 81 
26 9 
5 40 
41 16 
50 48 
34 77 
95 42 
34 99 
62 45 
66 25 
97 24 
57 41 
9 6 
4 94 
27 39 
2 76 
36 15 
48 73 
43 27 
82 67 
21 80 
27 5 
8 20 
27 18 
63 10 
75 29 
86 61 
2 40 
54 82 
76 98 
8 10 
62 23 
76 4 
19 59 
5 51 
25 64 
89 51 
1 12 
34 75 
37 4 
66 68 
7 29 
69 78 
19 20 
62 5 
62 88 
85 97 
27 88 
55 59 
3 96 
89 74 
71 79 
40 76 
43 54 
40 52 
39 25 
26 94 
26 48 
97 3 
60 85 
34 7 
7 31 
7 26 
62 52 
62 73 
16 86 
53 23 
36 51 
42 25 
60 71 
1 72 
75 45 
2 31 
69 84 
10 63 
80 18 
87 73 
39 74 
80 45 
79 86 
37 82 
13 75 
94 8 
50 56 
9 55 
45 60 
15 41 
15 35 
55 90 
23 20 
17 87 
64 74 
54 43 
31 38 
87 63 
43 54 
81 27 
63 82 
17 66 
95 1 
33 28 
91 70 
76 1 
20 80 
55 10 
91 60 
78 38 
34 94 
26 75 
37 5 
84 83 
97 89 
26 0 
94 24 
35 80 
75 28 
13 26 
27 86 
56 12 
97 66 
40 22 
26 31 
69 61 
41 5 
96 63 
83 58 
78 87 
82 56 
33 42 
5 70 
48 68 
32 20 
25 69 
7 71 
29 75 
21 36 
86 88 
9 15 
50 62 
28 72 
81 15 
99 95 
27 24 
74 63 
37 16 
17 88 
94 27 
69 21 
84 97 
6 34 
34 90 
84 56 
54 26 
24 79 
41 82 
84 2 
37 19 
13 87 
7 74 
15 47 
75 45 
82 74 
78 59 
55 87 
65 87 
3 26 
38 37 
47 59 
42 79 
86 56 
65 70 
39 48 
41 66 
7 47 
35 86 
65 25 
33 78 
2 30 
51 74 
18 25 
26 21 
99 1 
56 75 
64 29 
27 46 
40 65 
10 16 
65 90 
33 36 
84 95 
17 96 
86 62 
12 96 
31 79 
89 84 
19 3 
83 81 
68 80 
13 25 
25 91 
38 72 
87 30 
65 87 
61 29 
79 14 
96 85 
90 75 
52 20 
27 87 
42 10 
72 62 
31 75 
3 82 
32 89 
0 61 
83 16 
19 36 
45 46 
34 6 
71 67 
17 80 
92 10 
53 47 
72 78 
88 71 
42 53 
15 25 
50 99 
49 64 
49 5 
10 79 
26 1 
32 67 
29 55 
60 11 
10 96 
0 93 
86 35 
43 88 
92 62 
63 97 
7 0 
63 46 
1 91 
14 11 
52 37 
17 94 
6 39 
38 4 
24 79 
49 27 
53 58 
48 52 
83 28 
3 42 
95 81 
30 9 
55 73 
86 61 
18 98 
78 4 
15 99 
82 81 
53 60 
52 13 
57 87 
60 44 
84 20 
20 83 
56 32 
19 51 
27 61 
77 56 
53 88 
37 96 
5 75 
61 29 
65 54 
85 0 
20 35 
38 32 
98 27 
94 40 
86 75 
86 9 
4 48 
95 19 
91 70 
34 72 
56 87 
68 64 
37 85 
41 33 
57 28 
16 40 
82 59 
70 92 
74 69 
88 16 
53 47 
46 56 
81 20 
70 91 
63 80 
35 77 
19 85 
24 52 
88 63 
60 83 
27 13 
37 30 
55 22 
56 61 
41 48 
96 32 
2 77 
11 39 
74 3 
84 84 
81 62 
60 16 
58 65 
60 95 
54 24 
73 72 
5 10 
16 66 
16 83 
5 96 
88 97 
48 22 
79 86 
79 88 
83 74 
76 21 
71 29 
4 85 
44 35 
29 35 
11 56 
8 72 
69 94 
12 3 
98 58 
86 91 
54 26 
93 17 
7 73 
27 28 
17 56 
12 59 
49 99 
17 82 
96 70 
20 68 
66 36 
40 8 
26 91 
22 29 
26 79 
41 80 
85 72 
76 10 
97 14 
66 74 
64 49 
7 27 
70 15 
40 18 
9 29 
27 86 
45 66 
95 43 
92 87 
96 37 
50 6 
69 61 
12 58 
49 56 
41 95 
72 53 
12 89 
95 7 
78 14 
63 56 
61 76 
24 36 
68 30 
90 59 
10 80 
15 91 
70 2 
86 65 
18 92 
1 93 
2 8 
94 18 
89 22 
91 53 
34 6 
18 43 
75 10 
99 40 
54 5 
22 13 
33 49 
18 95 
69 26 
55 61 
62 83 
79 25 
30 16 
42 4 
76 42 
89 32 
68 83 
69 87 
93 20 
6 32 
6 69 
74 71 
89 78 
18 92 
60 22 
58 15 
28 55 
33 94 
58 14 
45 87 
0 48 
98 12 
43 85 
0 94 
47 8 
66 16 
37 56 
58 30 
36 87 
60 5 
23 89 
69 2 
72 84 
2 38 
18 38 
41 33 
81 48 
14 95 
50 26 
45 1 
23 26 
92 34 
76 61 
93 11 
36 24 
94 49 
63 37 
7 64 
49 23 
62 31 
96 59 
10 76 
40 97 
43 21 
53 92 
19 29 
6 39 
64 33 
34 12 
12 60 
33 31 
5 37 
57 70 
44 82 
1 7 
67 52 
68 70 
17 39 
58 60 
92 24 
4 88 
30 39 
14 0 
60 7 
48 83 
67 64 
49 58 
65 40 
46 41 
85 92 
0 93 
49 56 
80 25 
1 40 
2 51 
36 78 
85 8 
14 49 
18 66 
71 33 
46 75 
93 75 
19 2 
48 3 
8 43 
7 53 
62 71 
71 29 
8 12 
82 77 
99 93 
0 15 
85 0 
40 7 
30 78 
54 84 
87 90 
89 73 
54 51 
56 40 
4 52 
83 97 
94 64 
24 93 
97 20 
39 43 
37 85 
65 81 
36 69 
35 76 
74 86 
59 40 
21 90 
51 39 
98 13 
94 24 
81 73 
18 28 
53 80 
84 13 
36 44 
83 54 
77 62 
52 36 
38 91 
88 49 
75 46 
16 13 
87 92 
23 11 
58 71 
4 55 
94 49 
74 38 
66 71 
98 65 
9 87 
8 42 
69 47 
21 55 
59 76 
79 58 
66 29 
66 0 
51 82 
78 77 
2 13 
68 70 
67 16 
99 7 
83 93 
44 34 
60 0 
85 76 
60 59 
77 95 
44 37 
35 1 
71 34 
62 51 
10 75 
65 61 
35 33 
60 49 
10 39 
43 88 
27 20 
49 91 
72 68 
97 40 
84 65 
13 87 
85 34 
89 53 
69 18 
14 55 
29 31 
16 55 
57 0 
16 80 
9 64 
85 76 
58 6 
44 52 
38 80 
94 1 
84 65 
99 75 
71 24 
75 36 
28 95 
14 92 
80 81 
97 97 
94 41 
16 20 
41 3 
59 64 
74 43 
77 63 
88 85 
86 5 
11 91 
65 70 
8 41 
86 49 
41 14 
17 0 
32 12 
72 77 
40 36 
2 93 
16 85 
77 83 
54 49 
20 86 
99 53 
4 72 
16 29 
62 36 
91 82 
46 26 
70 7 
37 60 
67 42 
16 21 
14 34 
99 20 
92 15 
81 27 
97 71 
36 58 
86 31 
17 1 
61 45 
58 71 
87 78 
59 42 
30 61 
5 66 
52 13 
87 49 
45 6 
36 40 
88 86 
84 23 
35 68 
26 62 
66 94 
28 37 
24 48 
45 39 
16 58 
58 66 
22 42 
89 34 
24 54 
77 63 
60 8 
47 31 
64 89 
0 19 
63 63 
53 41 
56 19 
69 43 
72 91 
99 86 
13 41 
19 17 
55 36 
68 62 
57 28 
18 73 
68 25 
38 96 
68 99 
50 34 
13 69 
81 67 
83 11 
24 85 
84 51 
54 34 
5 55 
48 43 
9 11 
10 71 
86 89 
33 11 
97 15 
61 56 
25 23 
87 40 
71 5 
35 27 
67 43 
37 19 
69 99 
86 72 
72 86 
4 69 
7 53 
99 75 
41 34 
49 97 
31 98 
2 66 
58 66 
22 40 
88 32 
44 88 
60 88 
78 90 
40 52 
80 71 
92 88 
26 91 
19 69 
61 90 
2 47 
85 21 
46 60 
98 40 
2 84 
23 58 
48 8 
72 42 
84 17 
94 95 
67 37 
29 58 
80 89 
3 63 
10 58 
3 34 
59 82 
95 56 
64 62 
9 42 
49 73 
51 24 
60 24 
16 40 
29 55 
86 55 
89 80 
43 1 
54 50 
47 34 
59 51 
96 43 
54 27 
74 15 
19 75 
90 99 
6 73 
16 81 
17 40 
83 46 
20 84 
15 98 
45 96 
95 2 
31 87 
45 61 
18 80 
10 38 
73 62 
58 82 
74 47 
15 40 
27 67 
81 95 
48 51 
32 57 
64 38 
53 76 
4 18 
77 89 
21 34 
29 74 
82 86 
53 14 
1 64 
33 90 
53 22 
70 24 
96 27 
90 56 
35 67 
62 85 
35 84 
46 98 
80 19 
89 80 
99 75 
84 26 
25 54 
59 83 
30 11 
68 7 
65 28 
55 38 
11 63 
6 38 
45 53 
7 43 
48 48 
81 95 
11 68 
47 51 
44 68 
62 66 
42 12 
25 56 
19 64 
21 47 
64 2 
58 77 
90 82 
45 19 
73 96 
25 79 
74 13 
40 52 
85 19 
48 94 
58 28 
47 3 
93 29 
53 46 
15 82 
23 44 
0 53 
62 71 
23 58 
33 99 
20 26 
40 25 
8 55 
25 11 
71 68 
39 51 
2 72 
76 90 
45 70 
26 12 
73 17 
95 5 
90 96 
27 99 
67 48 
91 81 
66 95 
54 54 
1 31 
46 11 
37 87 
63 99 
33 92 
33 8 
15 97 
6 53 
0 56 
74 13 
48 41 
42 18 
1 67 
95 13 
42 97 
71 94 
8 14 
96 52 
72 1 
30 45 
5 67 
37 28 
48 32 
42 73 
7 62 
54 77 
68 50 
47 99 
84 96 
2 55 
20 51 
83 76 
1 23 
48 30 
82 61 
20 81 
99 21 
55 78 
77 59 
64 95 
10 57 
48 41 
18 41 
31 29 
90 98 
72 27 
75 48 
69 89 
21 98 
88 73 
22 19 
58 68 
72 87 
81 8 
36 74 
21 93 
31 64 
88 78 
71 9 
68 3 
43 50 
72 51 
83 23 
60 44 
96 63 
22 31 
51 38 
26 27 
0 75 
7 66 
8 17 
49 63 
17 41 
8 21 
13 88 
73 88 
17 11 
82 80 
41 27 
71 6 
96 1 
0 56 
50 91 
77 28 
36 74 
93 84 
94 21 
8 20 
97 37 
16 94 
64 9 
74 54 
91 92 
62 22 
73 33 
88 91 
63 70 
25 40 
66 77 
45 33 
53 44 
6 8 
24 93 
55 58 
29 90 
22 16 
85 18 
70 60 
1 68 
96 18 
42 93 
12 22 
47 29 
30 86 
92 68 
42 96 
10 21 
84 36 
87 14 
76 78 
13 50 
85 61 
49 81 
18 48 
80 0 
54 61 
74 75 
21 28 
67 24 
58 96 
66 17 
47 70 
86 10 
73 5 
88 1 
86 4 
65 84 
95 52 
74 75 
54 51 
60 35 
25 46 
98 31 
15 97 
37 16 
27 90 
83 22 
60 61 
20 11 
41 13 
76 61 
81 27 
40 71 
6 58 
20 5 
23 99 
87 66 
27 28 
12 56 
49 9 
63 15 
39 97 
13 64 
84 9 
67 98 
32 39 
59 22 
74 9 
14 94 
46 46 
11 17 
32 7 
86 62 
24 34 
83 43 
36 0 
23 78 
95 96 
16 56 
58 78 
27 74 
85 9 
16 73 
1 19 
7 30 
57 57 
95 84 
82 66 
85 17 
10 79 
87 56 
54 13 
26 27 
46 0 
39 68 
94 77 
24 30 
38 76 
12 85 
8 53 
81 53 
67 50 
53 43 
84 6 
79 23 
55 86 
27 92 
6 52 
21 63 
43 52 
76 91 
48 4 
72 94 
1 94 
79 13 
76 91 
17 67 
29 7 
59 63 
6 34 
10 79 
32 90 
24 96 
20 69 
22 24 
47 4 
20 6 
23 89 
61 78 
8 29 
58 38 
2 20 
10 69 
93 10 
35 51 
7 69 
39 19 
47 41 
3 92 
39 61 
56 5 
34 80 
39 94 
16 83 
46 17 
87 88 
64 64 
14 35 
26 18 
80 19 
22 54 
70 39 
46 12 
31 75 
48 17 
49 43 
1 81 
4 32 
40 70 
42 46 
64 50 
36 3 
24 3 
81 84 
28 96 
26 33 
47 67 
62 5 
80 45 
75 72 
56 13 
1 63 
43 78 
16 80 
70 13 
44 3 
27 38 
13 94 
84 8 
43 65 
47 80 
31 9 
76 82 
80 15 
32 96 
84 54 
34 87 
7 71 
91 4 
90 48 
38 86 
98 74 
87 92 
38 80 
7 90 
65 0 
32 68 
29 90 
2 72 
24 18 
4 97 
8 76 
14 8 
98 45 
89 71 
75 64 
63 80 
30 23 
4 19 
31 48 
32 5 
52 38 
18 35 
34 8 
65 62 
77 45 
79 25 
10 18 
96 3 
76 85 
61 24 
3 29 
71 6 
35 83 
23 45 
21 68 
86 9 
13 58 
19 38 
16 71 
75 26 
39 19 
4 76 
65 46 
19 16 
28 89 
4 68 
6 86 
36 55 
89 70 
36 36 
78 60 
63 40 
62 8 
32 67 
28 97 
15 22 
22 9 
76 68 
3 95 
63 3 
17 49 
38 3 
93 7 
40 29 
29 82 
97 96 
36 99 
5 20 
47 69 
3 5 
33 59 
36 34 
75 50 
43 96 
92 11 
39 76 
82 87 
98 31 
82 73 
56 90 
44 19 
60 27 
7 1 
8 92 
88 63 
33 10 
32 96 
37 43 
63 86 
87 41 
64 21 
7 25 
29 9 
42 66 
21 39 
9 55 
29 96 
56 77 
23 61 
68 37 
81 63 
63 57 
74 0 
86 19 
61 68 
32 62 
38 43 
52 47 
30 83 
17 40 
41 63 
56 50 
86 85 
77 58 
57 69 
12 81 
46 82 
12 85 
15 80 
36 32 
52 88 
60 33 
5 42 
27 17 
63 79 
43 23 
65 58 
16 5 
90 10 
68 81 
33 99 
34 64 
91 65 
74 40 
0 23 
16 15 
95 47 
11 87 
95 55 
18 59 
45 68 
83 81 
13 13 
46 97 
59 55 
76 94 
25 12 
11 48 
48 26 
90 99 
70 99 
82 73 
65 61 
0 14 
39 1 
29 39 
70 49 
96 30 
21 18 
26 18 
38 90 
43 98 
67 12 
29 47 
36 0 
65 5 
38 9 
82 53 
88 8 
62 2 
78 70 
46 74 
96 50 
70 39 
92 40 
45 70 
14 71 
79 14 
60 50 
48 73 
54 58 
29 59 
40 22 
70 29 
92 62 
27 45 
44 20 
79 65 
78 77 
1 46 
82 11 
34 83 
53 11 
90 82 
72 35 
22 66 
18 45 
75 83 
61 74 
33 65 
90 58 
40 63 
27 38 
13 9 
91 7 
67 15 
61 56 
9 51 
94 20 
73 36 
62 20 
18 84 
36 72 
16 61 
7 24 
66 40 
39 56 
58 42 
43 33 
75 82 
75 2 
18 55 
75 90 
49 16 
83 88 
88 22 
96 54 
64 35 
68 43 
17 87 
78 32 
11 16 
89 10 
92 64 
64 64 
14 94 
3 95 
35 96 
53 86 
0 68 
76 57 
97 51 
78 19 
31 4 
62 4 
5 93 
92 48 
23 11 
24 37 
98 3 
91 46 
30 75 
8 17 
33 3 
92 48 
35 3 
66 65 
62 29 
8 96 
6 69 
97 8 
14 76 
44 68 
10 37 
37 52 
0 2 
77 18 
95 45 
70 37 
11 88 
46 81 
19 75 
27 12 
14 20 
69 49 
24 22 
93 40 
30 43 
4 83 
68 88 
10 73 
45 98 
9 7 
84 5 
27 32 
8 41 
41 1 
80 45 
3 68 
11 4 
66 67 
30 6 
48 51 
47 51 
12 14 
82 86 
23 51 
34 47 
79 8 
83 31 
31 64 
37 23 
79 75 
6 3 
64 47 
92 84 
30 3 
67 43 
31 92 
67 99 
14 77 
35 88 
70 63 
16 12 
15 46 
75 30 
76 0 
59 28 
29 87 
40 10 
4 63 
85 12 
76 3 
15 66 
55 97 
62 76 
84 56 
50 11 
82 87 
33 48 
88 56 
56 3 
50 13 
48 35 
19 57 
12 2 
22 95 
1 40 
12 24 
75 32 
88 29 
65 96 
58 9 
32 94 
6 11 
4 74 
85 89 
60 16 
74 38 
88 93 
49 82 
30 61 
45 2 
75 64 
98 48 
72 91 
7 48 
41 68 
98 49 
39 31 
94 92 
63 51 
4 75 
1 95 
35 77 
92 65 
50 27 
80 24 
29 77 
62 9 
4 33 
31 83 
56 13 
42 68 
63 53 
92 21 
55 73 
95 54 
4 89 
93 94 
83 12 
70 37 
95 81 
13 90 
83 34 
95 7 
72 86 
54 44 
33 13 
43 54 
86 99 
32 70 
81 38 
59 58 
20 94 
59 12 
22 17 
8 83 
96 88 
80 75 
50 87 
82 38 
1 67 
81 7 
25 41 
76 1 
83 6 
96 61 
77 58 
74 52 
45 22 
13 72 
78 19 
7 94 
7 24 
86 80 
72 90 
97 20 
76 9 
22 70 
28 10 
47 53 
81 12 
57 93 
26 58 
22 21 
5 59 
58 90 
68 53 
24 90 
92 45 
43 57 
4 23 
99 22 
20 89 
31 2 
20 67 
81 96 
90 19 
0 80 
95 70 
98 52 
96 40 
98 49 
33 96 
66 77 
60 14 
34 66 
73 74 
18 81 
64 17 
25 39 
39 29 
45 86 
63 6 
34 9 
99 61 
77 38 
8 58 
17 44 
77 78 
35 81 
26 76 
79 61 
60 67 
91 16 
1 3 
38 49 
31 52 
21 0 
88 37 
36 68 
84 96 
19 29 
60 25 
78 54 
97 18 
97 34 
99 47 
4 19 
64 34 
1 83 
80 56 
19 55 
98 26 
23 83 
68 3 
93 49 
25 88 
95 42 
94 4 
57 25 
69 20 
45 53 
21 66 
34 24 
38 42 
80 6 
69 26 
46 56 
92 64 
40 29 
86 99 
72 49 
46 76 
10 45 
28 1 
35 19 
27 38 
88 38 
83 7 
24 94 
53 88 
73 64 
64 51 
29 67 
25 77 
10 90 
97 19 
12 17 
72 56 
75 40 
32 70 
70 55 
18 51 
52 73 
79 54 
92 31 
52 87 
4 68 
81 36 
66 99 
2 25 
37 27 
86 69 
36 84 
24 88 
42 6 
32 66 
40 28 
17 44 
87 73 
59 13 
65 76 
56 17 
17 39 
95 43 
26 88 
32 21 
59 71 
75 59 
55 99 
10 4 
28 97 
70 26 
87 26 
36 95 
89 71 
11 60 
30 0 
20 7 
90 72 
26 8 
46 97 
53 9 
12 4 
32 75 
23 10 
38 64 
7 41 
86 41 
7 56 
17 30 
11 51 
52 50 
15 96 
93 33 
64 78 
60 54 
4 83 
43 97 
8 81 
29 94 
59 5 
8 79 
62 27 
15 74 
76 5 
51 21 
65 98 
69 5 
86 53 
47 66 
93 98 
54 11 
68 83 
21 7 
39 14 
25 31 
76 35 
79 32 
81 89 
15 10 
60 41 
87 79 
50 67 
33 4 
97 25 
40 34 
58 29 
74 96 
51 25 
27 97 
23 2 
25 3 
16 70 
72 6 
72 57 
83 29 
63 99 
49 8 
77 27 
72 8 
55 51 
17 65 
91 1 
0 40 
95 80 
41 0 
79 39 
30 49 
42 91 
36 53 
25 42 
12 97 
1 50 
42 57 
7 16 
51 66 
78 64 
84 90 
19 79 
68 39 
35 66 
57 22 
6 73 
86 14 
48 69 
15 57 
83 13 
81 61 
7 26 
72 96 
37 47 
6 30 
32 23 
51 69 
79 37 
41 35 
41 22 
10 0 
83 60 
74 3 
99 72 
83 96 
22 46 
3 62 
52 64 
33 99 
26 78 
39 6 
52 73 
15 16 
27 57 
10 74 
39 94 
26 16 
76 51 
91 49 
84 34 
8 90 
6 21 
27 52 
47 59 
99 25 
46 11 
66 23 
13 37 
51 23 
21 86 
71 96 
80 41 
72 12 
49 80 
37 26 
12 78 
13 98 
1 17 
41 41 
61 70 
8 5 
85 43 
32 36 
37 7 
83 54 
84 67 
10 69 
40 68 
40 26 
6 86 
27 11 
44 76 
77 47 
86 20 
69 99 
20 5 
82 9 
21 37 
44 89 
14 15 
62 46 
67 41 
96 24 
37 33 
41 89 
82 50 
44 2 
6 57 
65 9 
91 90 
98 51 
33 46 
29 15 
73 85 
21 72 
51 61 
70 99 
87 62 
90 58 
86 71 
56 12 
60 26 
67 98 
86 0 
94 77 
18 38 
81 67 
52 20 
15 21 
99 24 
52 28 
85 26 
11 26 
38 32 
33 47 
79 31 
43 36 
57 31 
27 84 
39 16 
50 20 
96 32 
76 63 
31 65 
49 55 
47 58 
43 27 
67 2 
60 7 
0 69 
12 32 
46 22 
22 53 
44 14 
69 56 
78 21 
77 64 
31 79 
25 13 
65 27 
27 37 
55 15 
39 6 
99 94 
60 98 
63 40 
83 97 
83 3 
38 58 
2 34 
87 9 
48 73 
82 63 
1 80 
87 9 
83 61 
80 45 
10 21 
44 12 
18 36 
39 6 
70 29 
63 66 
32 58 
2 93 
28 21 
85 80 
23 74 
94 88 
71 83 
63 70 
90 63 
96 34 
11 48 
90 29 
71 35 
79 40 
51 13 
8 2 
70 79 
29 34 
48 79 
65 50 
95 88 
27 67 
90 44 
85 94 
34 41 
56 67 
24 8 
58 84 
48 3 
73 72 
11 68 
28 20 
31 77 
79 84 
29 62 
32 82 
35 18 
80 80 
84 34 
95 45 
26 83 
71 75 
14 93 
62 51 
99 11 
99 77 
29 10 
36 66 
89 83 
12 67 
81 4 
40 68 
92 38 
19 71 
1 14 
23 97 
31 1 
53 23 
90 11 
42 68 
38 89 
85 99 
11 42 
17 1 
15 78 
77 14 
33 65 
29 30 
38 25 
17 70 
53 94 
28 61 
26 6 
95 73 
82 31 
26 63 
64 58 
81 66 
16 99 
7 5 
97 91 
68 73 
19 18 
12 2 
44 21 
32 5 
53 49 
35 76 
92 17 
8 40 
32 66 
25 76 
17 48 
90 28 
81 12 
70 89 
35 80 
24 34 
94 90 
42 10 
96 18 
9 31 
4 91 
59 69 
73 34 
79 67 
2 3 
25 62 
39 76 
23 41 
68 27 
60 76 
73 99 
10 43 
33 38 
80 90 
42 34 
83 53 
52 49 
6 33 
52 77 
58 2 
80 33 
98 23 
88 36 
71 56 
11 16 
67 53 
76 99 
33 35 
87 45 
33 51 
48 46 
93 62 
41 97 
89 12 
65 22 
48 12 
63 34 
70 48 
84 61 
38 7 
38 2 
43 94 
60 61 
19 66 
85 34 
73 43 
75 94 
0 15 
63 42 
34 75 
84 17 
50 71 
27 94 
82 44 
18 30 
9 95 
49 98 
80 95 
19 28 
90 33 
46 99 
0 29 
89 79 
44 61 
8 47 
34 84 
96 61 
89 34 
22 81 
64 54 
72 35 
24 59 
15 1 
33 52 
81 86 
39 91 
98 93 
52 45 
53 41 
86 81 
52 45 
96 43 
62 41 
53 56 
74 89 
29 94 
43 36 
49 13 
34 2 
86 18 
64 67 
4 82 
77 33 
85 36 
1 38 
45 55 
71 92 
75 22 
60 84 
87 17 
22 56 
29 53 
2 10 
10 62 
3 64 
1 73 
35 15 
79 81 
6 83 
61 95 
77 43 
76 99 
71 16 
16 23 
70 20 
34 8 
51 11 
16 92 
13 73 
4 66 
5 41 
49 93 
72 9 
14 54 
0 52 
46 71 
57 46 
26 74 
5 86 
95 96 
69 16 
39 51 
27 73 
11 77 
6 20 
68 99 
70 59 
88 8 
70 46 
38 48 
54 78 
67 22 
17 27 
34 73 
19 78 
86 25 
40 39 
68 44 
49 68 
39 28 
48 44 
46 42 
23 48 
77 53 
26 3 
46 76 
91 18 
31 57 
47 90 
47 35 
48 67 
66 26 
40 37 
84 12 
71 18 
4 7 
11 91 
42 57 
4 27 
67 86 
33 95 
25 96 
57 7 
16 48 
37 89 
74 58 
12 72 
85 38 
47 95 
98 85 
82 17 
51 24 
12 0 
81 24 
35 53 
42 70 
7 7 
26 57 
85 25 
45 26 
90 25 
91 63 
20 73 
19 76 
36 95 
98 57 
15 32 
64 23 
48 63 
48 17 
78 18 
18 83 
11 25 
40 71 
98 48 
20 89 
27 79 
44 6 
0 10 
65 83 
46 2 
68 9 
34 32 
38 62 
0 70 
55 8 
88 69 
36 85 
22 14 
61 7 
76 86 
12 64 
65 25 
0 53 
54 27 
58 67 
74 96 
89 26 
47 79 
25 45 
85 67 
78 61 
47 6 
39 80 
16 17 
76 12 
34 19 
99 36 
70 78 
5 69 
36 33 
86 59 
6 63 
17 50 
83 62 
28 90 
17 63 
41 28 
89 92 
49 31 
54 67 
64 82 
75 47 
92 59 
20 74 
88 83 
78 71 
75 51 
5 83 
12 22 
53 98 
24 48 
4 3 
36 23 
31 64 
54 26 
58 22 
96 11 
70 16 
47 51 
78 27 
9 15 
99 47 
23 90 
4 66 
1 3 
58 18 
66 52 
32 71 
9 27 
93 62 
15 15 
55 72 
35 53 
9 27 
46 21 
19 58 
42 2 
90 44 
9 20 
16 97 
25 59 
24 97 
89 84 
96 58 
97 29 
84 22 
78 68 
73 95 
55 92 
31 3 
92 52 
73 19 
4 88 
38 90 
25 93 
16 80 
78 37 
73 94 
95 60 
57 87 
12 65 
6 86 
93 94 
77 46 
98 3 
59 93 
32 64 
47 3 
24 85 
82 25 
9 18 
67 83 
61 82 
84 82 
62 88 
6 91 
17 3 
99 12 
88 2 
2 80 
39 32 
55 51 
69 68 
98 5 
78 24 
56 84 
25 84 
50 50 
34 89 
87 58 
1 11 
46 84 
70 41 
22 81 
92 87 
38 39 
16 61 
4 75 
68 84 
39 99 
38 4 
38 48 
41 43 
68 24 
21 29 
21 66 
31 94 
84 74 
68 99 
72 23 
71 51 
13 12 
46 96 
85 30 
36 60 
43 77 
38 78 
77 93 
42 81 
17 74 
94 65 
67 50 
95 88 
68 76 
44 94 
81 5 
22 98 
37 9 
95 80 
43 72 
88 99 
4 91 
22 94 
46 76 
50 44 
39 77 
43 92 
6 95 
18 72 
8 87 
90 44 
79 84 
62 94 
78 33 
90 82 
37 2 
99 67 
57 12 
60 88 
55 89 
95 57 
0 33 
93 71 
50 44 
54 76 
18 66 
7 20 
68 74 
12 56 
62 98 
93 54 
40 74 
20 7 
59 88 
33 27 
97 81 
11 27 
30 43 
92 77 
12 52 
30 35 
77 2 
24 62 
86 38 
19 29 
6 10 
71 79 
38 9 
82 69 
68 43 
6 51 
4 15 
18 95 
55 11 
70 23 
64 82 
